0.87 659.56 659.56 ['base']
1.74 1319.12 659.56 ['base']
2.61 1978.68 659.56 ['base']
3.48 2638.24 659.56 ['base']
4.35 5574.83 2936.59 ['S1']
5.22 6234.39 659.56 ['base']
6.09 6893.95 659.56 ['base']
6.96 7553.51 659.56 ['base']
7.83 8213.07 659.56 ['base']
8.70 11149.66 2936.59 ['S1']
9.57 11809.22 659.56 ['base']
10.44 12468.78 659.56 ['base']
11.31 13128.34 659.56 ['base']
12.18 13787.90 659.56 ['base']
13.05 16724.49 2936.59 ['S1']
13.92 17384.05 659.56 ['base']
14.79 18043.61 659.56 ['base']
15.66 18703.17 659.56 ['base']
16.53 19362.73 659.56 ['base']
17.40 22299.32 2936.59 ['S1']
18.27 22958.88 659.56 ['base']
19.14 23618.44 659.56 ['base']
20.01 24278.00 659.56 ['base']
20.88 24937.56 659.56 ['base']
21.75 27874.15 2936.59 ['S1']
22.62 28533.71 659.56 ['base']
23.49 29193.27 659.56 ['base']
24.36 29852.83 659.56 ['base']
25.23 30512.39 659.56 ['base']
26.10 33448.98 2936.59 ['S1']
26.97 34108.54 659.56 ['base']
27.84 34768.10 659.56 ['base']
28.71 35427.66 659.56 ['base']
29.58 36087.22 659.56 ['base']
30.45 39023.81 2936.59 ['S1']
31.32 39683.37 659.56 ['base']
32.19 40342.93 659.56 ['base']
33.06 41002.49 659.56 ['base']
33.93 41662.05 659.56 ['base']
34.80 44598.64 2936.59 ['S1']
35.67 45258.20 659.56 ['base']
36.54 45917.76 659.56 ['base']
37.41 46577.32 659.56 ['base']
38.28 47236.88 659.56 ['base']
39.15 50173.47 2936.59 ['S1']
40.02 50833.03 659.56 ['base']
40.89 51492.59 659.56 ['base']
41.76 52152.15 659.56 ['base']
42.63 52811.71 659.56 ['base']
43.50 55748.30 2936.59 ['S1']
44.37 56407.86 659.56 ['base']
45.24 57067.42 659.56 ['base']
46.11 57726.98 659.56 ['base']
46.98 58386.54 659.56 ['base']
47.85 61323.13 2936.59 ['S1']
48.72 61982.69 659.56 ['base']
49.59 62642.25 659.56 ['base']
50.46 63301.81 659.56 ['base']
51.33 63961.37 659.56 ['base']
52.20 66897.96 2936.59 ['S1']
53.07 67557.52 659.56 ['base']
53.94 68217.08 659.56 ['base']
54.81 68876.64 659.56 ['base']
55.68 69536.20 659.56 ['base']
56.55 72472.79 2936.59 ['S1']
57.42 73132.35 659.56 ['base']
58.29 73791.91 659.56 ['base']
59.16 74451.47 659.56 ['base']
60.03 75111.03 659.56 ['base']
